              precision    recall  f1-score   support

           0       0.30      0.72      0.42        29
           1       0.25      0.17      0.20        30
           2       0.83      0.67      0.74        30
           3       0.23      0.83      0.36        30
           4       0.85      0.77      0.81        30
           5       0.82      0.70      0.76        20
           6       0.40      0.33      0.36        30
           7       0.00      0.00      0.00        29
           8       0.32      0.75      0.45        20
           9       0.79      0.73      0.76        30
          10       0.50      0.17      0.25        30
          11       0.80      0.40      0.53        30
          12       0.79      0.63      0.70        30
          13       0.54      0.67      0.60        30
          14       0.35      0.50      0.41        30
          15       0.84      0.87      0.85        30
          16       0.37      0.43      0.40        30
          17       0.81      0.62      0.70        21
          18       0.50      0.40      0.44        30
          19       0.40      0.27      0.32        30
          20       0.75      0.72      0.74        29
          21       0.85      0.57      0.68        30
          22       0.88      0.50      0.64        30
          23       0.62      0.50      0.56        30
          24       0.95      0.63      0.76        30
          25       0.48      0.80      0.60        30
          26       0.38      0.17      0.23        30
          27       0.74      0.57      0.64        30
          28       0.82      0.77      0.79        30
          29       0.36      0.31      0.33        29
          30       0.56      0.31      0.40        29
          31       0.46      0.45      0.46        29
          32       0.56      0.63      0.59        30
          33       0.63      0.59      0.61        29
          34       0.62      0.43      0.51        30
          35       0.49      0.72      0.58        29
          36       0.82      0.60      0.69        30
          37       0.21      0.60      0.31        30
          38       0.66      0.63      0.64        30
          39       0.95      0.63      0.76        30
          40       0.74      0.67      0.70        30
          41       0.93      0.52      0.67        27
          42       0.78      0.23      0.36        30
          43       0.30      0.63      0.40        30
          44       1.00      0.80      0.89        30
          45       0.68      0.77      0.72        30
          46       0.73      0.53      0.62        30
          47       0.67      0.33      0.44        30
          48       0.50      0.04      0.07        26
          49       0.60      0.87      0.71        30
          50       0.45      0.17      0.25        29
          51       0.44      0.27      0.33        30
          52       0.29      0.50      0.37        30
          53       0.25      0.73      0.37        30
          54       0.88      0.73      0.80        30
          55       0.18      0.93      0.31        14
          56       0.47      0.47      0.47        30
          57       1.00      0.50      0.67        30
          58       1.00      0.13      0.24        30
          59       0.70      0.47      0.56        30
          60       0.19      0.10      0.13        30
          61       0.54      0.83      0.66        30
          62       1.00      0.77      0.87        30
          63       0.72      0.45      0.55        29
          64       0.50      0.03      0.06        30
          65       0.57      0.83      0.68        30
          66       0.41      0.37      0.39        30
          67       0.67      0.47      0.55        30
          68       0.76      0.53      0.63        30
          69       0.55      0.80      0.65        30
          70       0.56      0.97      0.71        30
          71       0.35      0.24      0.29        29
          72       0.90      0.31      0.46        29
          73       0.58      0.37      0.45        30
          74       0.80      0.69      0.74        29
          75       0.86      0.21      0.33        29
          76       0.33      0.90      0.49        29
          77       0.50      0.50      0.50        30
          78       0.45      0.67      0.54        30
          79       0.85      0.81      0.83        27
          80       0.84      0.70      0.76        30
          81       0.84      0.87      0.85        30
          82       0.95      0.67      0.78        30
          83       0.64      0.47      0.54        30
          84       0.79      0.63      0.70        30
          85       0.87      0.87      0.87        30
          86       0.31      0.47      0.37        30
          87       0.15      0.07      0.09        30
          88       1.00      0.70      0.82        30
          89       0.86      0.63      0.73        30
          90       1.00      0.50      0.67        30
          91       0.67      0.80      0.73        30
          92       0.71      0.90      0.79        30
          93       0.91      0.70      0.79        30
          94       0.37      0.33      0.35        30
          95       0.24      0.67      0.35        30
          96       0.71      0.73      0.72        30
          97       0.73      0.63      0.68        30
          98       0.91      0.69      0.78        29
          99       0.41      0.57      0.48        30
         100       0.71      0.86      0.77        28
         101       0.53      0.55      0.54        29
         102       0.73      0.73      0.73        11
         103       0.43      0.10      0.17        29
         104       0.82      0.60      0.69        30
         105       0.36      0.62      0.46        29
         106       0.50      0.07      0.12        30
         107       0.33      0.30      0.32        30
         108       0.57      0.83      0.68        30
         109       0.74      0.69      0.71        29
         110       0.90      0.60      0.72        30
         111       0.53      0.39      0.45        23
         112       0.56      0.47      0.51        30
         113       0.57      0.13      0.22        30
         114       0.56      0.73      0.64        30
         115       0.81      0.57      0.67        30
         116       0.42      0.83      0.56        30
         117       0.75      0.10      0.18        30
         118       0.47      0.27      0.34        30
         119       0.81      0.83      0.82        30
         120       0.25      0.37      0.30        30
         121       0.69      0.67      0.68        30
         122       0.23      0.70      0.34        30
         123       0.36      0.30      0.33        30
         124       0.67      0.41      0.51        29
         125       0.71      0.80      0.75        30
         126       0.54      0.67      0.60        30
         127       1.00      0.79      0.88        28
         128       0.69      0.37      0.48        30
         129       0.69      0.87      0.77        23
         130       1.00      0.03      0.06        30
         131       1.00      0.34      0.51        29
         132       0.90      0.60      0.72        30
         133       0.66      0.90      0.76        30
         134       0.55      0.57      0.56        28
         135       0.89      0.83      0.86        30
         136       0.59      0.73      0.66        30
         137       0.46      0.70      0.55        30
         138       0.55      0.20      0.29        30
         139       0.47      0.90      0.62        30
         140       0.71      0.90      0.79        30
         141       0.87      0.67      0.75        30
         142       0.93      0.90      0.92        30
         143       0.80      0.40      0.53        30
         144       0.78      0.72      0.75        29
         145       0.29      0.57      0.38        30
         146       0.62      0.23      0.33        22
         147       0.83      0.80      0.81        30
         148       0.48      0.65      0.56        23
         149       0.79      0.73      0.76        30
         150       0.55      0.33      0.41        18
         151       0.48      0.33      0.39        30
         152       0.68      0.57      0.62        30
         153       0.71      0.57      0.63        30
         154       0.93      0.87      0.90        30
         155       0.47      0.73      0.57        30
         156       0.34      0.83      0.48        30
         157       0.17      0.33      0.22        30
         158       0.65      0.37      0.47        30
         159       0.30      0.53      0.38        30
         160       0.28      0.17      0.21        30
         161       0.81      0.43      0.57        30
         162       0.70      0.77      0.73        30
         163       0.95      0.63      0.76        30
         164       0.79      0.50      0.61        30
         165       0.21      0.20      0.20        30
         166       0.31      0.50      0.38        20
         167       0.60      0.10      0.17        30
         168       0.35      0.54      0.42        28
         169       0.75      0.80      0.77        15
         170       0.75      0.60      0.67        30
         171       0.50      0.50      0.50        26
         172       0.29      0.34      0.32        29
         173       0.50      0.07      0.12        30
         174       0.53      0.70      0.60        30
         175       0.58      0.87      0.69        30
         176       0.78      0.70      0.74        30
         177       0.33      0.57      0.42        30
         178       0.52      0.47      0.49        30
         179       0.83      0.83      0.83        30
         180       0.36      0.57      0.44        30
         181       1.00      0.50      0.67        30
         182       0.10      0.07      0.08        30
         183       0.24      0.95      0.39        19
         184       0.93      0.83      0.88        30
         185       0.73      0.80      0.76        30
         186       0.57      0.70      0.63        30
         187       0.92      0.40      0.56        30
         188       0.35      0.47      0.40        30
         189       0.79      0.55      0.65        20
         190       0.93      0.47      0.62        30
         191       0.73      0.73      0.73        30
         192       0.56      0.33      0.42        30
         193       0.83      0.66      0.73        29
         194       0.27      0.31      0.29        29
         195       0.00      0.00      0.00        29
         196       0.69      0.38      0.49        29
         197       1.00      0.73      0.84        26
         198       0.61      0.59      0.60        29
         199       0.68      0.63      0.66        30

    accuracy                           0.55      5794
   macro avg       0.62      0.55      0.55      5794
weighted avg       0.62      0.55      0.55      5794
