              precision    recall  f1-score   support

           0       0.43      0.76      0.55       113
           1       0.31      0.31      0.31        26
           2       0.73      0.30      0.42        37
           3       0.77      0.69      0.73        90
           4       0.68      0.62      0.65       113
           5       0.85      0.54      0.66        41
           6       0.89      0.46      0.61       119
           7       0.74      0.70      0.72        74
           8       0.71      0.86      0.78        43
           9       0.71      0.88      0.79        25
          10       0.95      0.77      0.85        94
          11       0.55      0.43      0.48        14
          12       0.80      0.80      0.80        45
          13       0.38      0.76      0.51        17
          14       0.91      0.94      0.92        31
          15       0.79      0.96      0.87        24
          16       0.88      0.54      0.67        13
          17       0.60      0.94      0.73        31
          18       1.00      0.37      0.54        19
          19       0.71      0.78      0.74        69
          20       0.57      0.32      0.41        50
          21       0.75      0.52      0.62        23
          22       0.45      0.66      0.53        56
          23       0.86      0.55      0.67        22
          24       0.26      0.82      0.39        17
          25       0.60      0.75      0.67        28
          26       0.55      0.84      0.67        19
          27       0.55      0.74      0.63        23
          28       0.88      0.67      0.76        21
          29       0.82      0.35      0.49        40
          30       0.85      0.82      0.84        56
          31       0.77      0.69      0.73        58
          32       0.44      0.50      0.47        24
          33       1.00      0.41      0.58        17
          34       0.96      0.72      0.82        94
          35       0.76      0.45      0.57        29
          36       0.88      0.56      0.68        27
          37       0.81      0.66      0.73       138
          38       0.32      0.63      0.42        30
          39       0.75      0.87      0.80        45
          40       0.62      0.54      0.58        24
          41       0.59      0.61      0.60       135
          42       0.38      0.68      0.49        25
          43       0.86      0.62      0.72        48
          44       0.85      0.31      0.46        35
          45       0.81      0.81      0.81        47
          46       0.64      0.76      0.70        38
          47       0.29      0.38      0.33        39
          48       0.93      0.71      0.81        35
          49       0.47      0.30      0.36        27
          50       0.75      0.39      0.51        31
          51       0.83      0.96      0.89        72
          52       0.95      0.40      0.56        45
          53       0.78      0.47      0.58        30
          54       0.49      0.72      0.58        92
          55       0.45      0.36      0.40        28
          56       0.50      0.52      0.51        21
          57       0.61      0.77      0.68        30
          58       0.90      0.43      0.58        21
          59       0.61      0.76      0.68       103
          60       0.63      0.54      0.58        71
          61       0.64      0.33      0.44        21
          62       0.43      0.84      0.57        37
          63       0.57      0.71      0.63        28
          64       0.33      0.66      0.44        32
          65       0.87      0.62      0.73        98
          66       0.79      0.86      0.82        56

    accuracy                           0.65      3124
   macro avg       0.68      0.63      0.62      3124
weighted avg       0.70      0.65      0.65      3124
