              precision    recall  f1-score   support

           0       0.19      0.93      0.32        29
           1       0.12      0.13      0.13        30
           2       0.83      0.67      0.74        30
           3       0.13      0.70      0.22        30
           4       0.45      0.33      0.38        30
           5       0.71      0.85      0.77        20
           6       0.67      0.27      0.38        30
           7       0.00      0.00      0.00        29
           8       0.28      0.85      0.42        20
           9       0.30      0.83      0.45        30
          10       0.00      0.00      0.00        30
          11       0.78      0.23      0.36        30
          12       0.85      0.73      0.79        30
          13       0.52      0.47      0.49        30
          14       0.44      0.13      0.21        30
          15       0.59      0.87      0.70        30
          16       0.47      0.53      0.50        30
          17       0.89      0.38      0.53        21
          18       0.60      0.20      0.30        30
          19       0.47      0.30      0.37        30
          20       0.68      0.66      0.67        29
          21       0.87      0.43      0.58        30
          22       0.71      0.40      0.51        30
          23       0.45      0.47      0.46        30
          24       0.67      0.33      0.44        30
          25       0.36      0.80      0.49        30
          26       0.12      0.03      0.05        30
          27       0.71      0.67      0.69        30
          28       0.82      0.47      0.60        30
          29       0.50      0.10      0.17        29
          30       0.56      0.31      0.40        29
          31       0.33      0.14      0.20        29
          32       0.81      0.57      0.67        30
          33       0.74      0.48      0.58        29
          34       0.82      0.30      0.44        30
          35       0.40      0.59      0.47        29
          36       0.79      0.37      0.50        30
          37       0.19      0.53      0.28        30
          38       0.33      0.70      0.45        30
          39       0.94      0.57      0.71        30
          40       0.57      0.43      0.49        30
          41       1.00      0.30      0.46        27
          42       0.71      0.17      0.27        30
          43       0.23      0.87      0.37        30
          44       0.87      0.43      0.58        30
          45       0.47      0.80      0.59        30
          46       0.89      0.53      0.67        30
          47       0.78      0.23      0.36        30
          48       0.00      0.00      0.00        26
          49       0.79      0.77      0.78        30
          50       0.67      0.07      0.12        29
          51       0.28      0.33      0.30        30
          52       0.25      0.53      0.34        30
          53       0.27      0.40      0.32        30
          54       0.67      0.53      0.59        30
          55       0.07      0.93      0.13        14
          56       0.71      0.33      0.45        30
          57       1.00      0.53      0.70        30
          58       0.00      0.00      0.00        30
          59       0.75      0.50      0.60        30
          60       0.00      0.00      0.00        30
          61       0.41      0.87      0.55        30
          62       0.92      0.80      0.86        30
          63       0.57      0.28      0.37        29
          64       0.50      0.03      0.06        30
          65       0.80      0.53      0.64        30
          66       0.30      0.33      0.32        30
          67       0.56      0.33      0.42        30
          68       0.63      0.57      0.60        30
          69       0.44      0.77      0.56        30
          70       0.44      0.80      0.56        30
          71       0.62      0.17      0.27        29
          72       0.75      0.10      0.18        29
          73       0.75      0.30      0.43        30
          74       0.81      0.72      0.76        29
          75       1.00      0.10      0.19        29
          76       0.39      0.83      0.53        29
          77       0.38      0.37      0.37        30
          78       0.45      0.50      0.48        30
          79       0.95      0.74      0.83        27
          80       0.68      0.63      0.66        30
          81       0.72      0.87      0.79        30
          82       0.88      0.50      0.64        30
          83       0.85      0.37      0.51        30
          84       0.60      0.50      0.55        30
          85       0.94      0.50      0.65        30
          86       0.25      0.37      0.30        30
          87       1.00      0.03      0.06        30
          88       1.00      0.30      0.46        30
          89       0.65      0.50      0.57        30
          90       1.00      0.33      0.50        30
          91       0.79      0.73      0.76        30
          92       0.60      0.87      0.71        30
          93       0.66      0.77      0.71        30
          94       0.45      0.33      0.38        30
          95       0.21      0.57      0.31        30
          96       0.63      0.80      0.71        30
          97       0.62      0.53      0.57        30
          98       0.71      0.41      0.52        29
          99       0.52      0.53      0.52        30
         100       0.69      0.71      0.70        28
         101       0.33      0.17      0.23        29
         102       0.69      0.82      0.75        11
         103       0.00      0.00      0.00        29
         104       0.54      0.23      0.33        30
         105       0.28      0.55      0.37        29
         106       1.00      0.03      0.06        30
         107       0.31      0.13      0.19        30
         108       0.45      0.83      0.59        30
         109       0.69      0.69      0.69        29
         110       0.71      0.73      0.72        30
         111       0.48      0.48      0.48        23
         112       0.46      0.20      0.28        30
         113       0.40      0.07      0.11        30
         114       0.42      0.73      0.53        30
         115       0.42      0.37      0.39        30
         116       0.30      0.83      0.44        30
         117       0.50      0.03      0.06        30
         118       0.60      0.20      0.30        30
         119       0.92      0.77      0.84        30
         120       0.27      0.47      0.35        30
         121       0.57      0.53      0.55        30
         122       0.20      0.50      0.29        30
         123       0.29      0.23      0.26        30
         124       0.32      0.28      0.30        29
         125       0.35      0.87      0.50        30
         126       0.64      0.23      0.34        30
         127       0.73      0.86      0.79        28
         128       0.88      0.23      0.37        30
         129       0.74      0.61      0.67        23
         130       0.00      0.00      0.00        30
         131       0.53      0.31      0.39        29
         132       1.00      0.30      0.46        30
         133       0.64      0.90      0.75        30
         134       0.55      0.57      0.56        28
         135       0.90      0.63      0.75        30
         136       0.78      0.47      0.58        30
         137       0.32      0.70      0.44        30
         138       0.38      0.10      0.16        30
         139       0.38      0.90      0.53        30
         140       0.81      0.87      0.84        30
         141       0.83      0.33      0.48        30
         142       0.96      0.90      0.93        30
         143       0.67      0.07      0.12        30
         144       0.64      0.62      0.63        29
         145       0.28      0.37      0.32        30
         146       0.10      0.05      0.06        22
         147       0.90      0.63      0.75        30
         148       0.45      0.65      0.54        23
         149       0.80      0.67      0.73        30
         150       0.15      0.28      0.19        18
         151       0.50      0.07      0.12        30
         152       0.62      0.67      0.65        30
         153       0.80      0.40      0.53        30
         154       0.88      0.77      0.82        30
         155       0.29      0.80      0.43        30
         156       0.19      0.77      0.31        30
         157       0.29      0.33      0.31        30
         158       0.20      0.03      0.06        30
         159       0.28      0.33      0.30        30
         160       0.33      0.30      0.32        30
         161       0.86      0.60      0.71        30
         162       0.50      0.50      0.50        30
         163       0.70      0.47      0.56        30
         164       0.71      0.50      0.59        30
         165       0.14      0.17      0.15        30
         166       0.42      0.40      0.41        20
         167       0.00      0.00      0.00        30
         168       0.18      0.43      0.25        28
         169       0.52      0.80      0.63        15
         170       0.91      0.33      0.49        30
         171       0.60      0.35      0.44        26
         172       0.27      0.28      0.27        29
         173       0.00      0.00      0.00        30
         174       0.50      0.63      0.56        30
         175       0.35      0.93      0.51        30
         176       0.60      0.83      0.69        30
         177       0.28      0.57      0.38        30
         178       0.44      0.13      0.21        30
         179       0.86      0.40      0.55        30
         180       0.43      0.67      0.52        30
         181       1.00      0.37      0.54        30
         182       0.00      0.00      0.00        30
         183       0.24      0.95      0.39        19
         184       1.00      0.67      0.80        30
         185       0.70      0.63      0.67        30
         186       0.57      0.70      0.63        30
         187       1.00      0.03      0.06        30
         188       0.33      0.47      0.38        30
         189       0.42      0.80      0.55        20
         190       1.00      0.33      0.50        30
         191       0.71      0.40      0.51        30
         192       0.60      0.10      0.17        30
         193       0.94      0.52      0.67        29
         194       0.03      0.03      0.03        29
         195       0.00      0.00      0.00        29
         196       0.40      0.34      0.37        29
         197       0.83      0.77      0.80        26
         198       0.53      0.28      0.36        29
         199       0.64      0.47      0.54        30

    accuracy                           0.45      5794
   macro avg       0.55      0.46      0.44      5794
weighted avg       0.55      0.45      0.44      5794
