              precision    recall  f1-score   support

           0       0.16      0.79      0.27        29
           1       0.17      0.13      0.15        30
           2       0.50      0.30      0.38        30
           3       0.13      0.80      0.22        30
           4       0.79      0.63      0.70        30
           5       0.62      0.40      0.48        20
           6       0.26      0.33      0.29        30
           7       0.00      0.00      0.00        29
           8       0.23      0.85      0.37        20
           9       0.62      0.70      0.66        30
          10       0.00      0.00      0.00        30
          11       0.60      0.10      0.17        30
          12       1.00      0.27      0.42        30
          13       0.38      0.40      0.39        30
          14       0.17      0.03      0.06        30
          15       0.67      0.67      0.67        30
          16       0.24      0.33      0.28        30
          17       0.53      0.48      0.50        21
          18       0.60      0.20      0.30        30
          19       0.33      0.23      0.27        30
          20       0.63      0.59      0.61        29
          21       0.50      0.03      0.06        30
          22       1.00      0.27      0.42        30
          23       0.42      0.33      0.37        30
          24       0.78      0.47      0.58        30
          25       0.34      0.50      0.41        30
          26       0.14      0.03      0.05        30
          27       0.82      0.30      0.44        30
          28       0.67      0.27      0.38        30
          29       0.18      0.21      0.19        29
          30       0.40      0.34      0.37        29
          31       0.33      0.10      0.16        29
          32       0.52      0.57      0.54        30
          33       0.50      0.52      0.51        29
          34       0.46      0.40      0.43        30
          35       0.30      0.72      0.42        29
          36       0.57      0.27      0.36        30
          37       0.13      0.63      0.22        30
          38       0.32      0.50      0.39        30
          39       0.94      0.53      0.68        30
          40       0.49      0.63      0.55        30
          41       0.57      0.15      0.24        27
          42       1.00      0.10      0.18        30
          43       0.22      0.73      0.34        30
          44       1.00      0.07      0.12        30
          45       0.42      0.87      0.57        30
          46       0.75      0.20      0.32        30
          47       0.33      0.10      0.15        30
          48       0.00      0.00      0.00        26
          49       0.65      0.37      0.47        30
          50       1.00      0.07      0.13        29
          51       0.18      0.20      0.19        30
          52       0.19      0.17      0.18        30
          53       0.25      0.63      0.36        30
          54       0.86      0.40      0.55        30
          55       0.09      0.93      0.17        14
          56       0.30      0.27      0.28        30
          57       0.92      0.37      0.52        30
          58       0.00      0.00      0.00        30
          59       0.39      0.23      0.29        30
          60       0.00      0.00      0.00        30
          61       0.30      0.73      0.42        30
          62       1.00      0.53      0.70        30
          63       0.34      0.45      0.39        29
          64       0.00      0.00      0.00        30
          65       0.63      0.40      0.49        30
          66       0.07      0.03      0.05        30
          67       0.33      0.03      0.06        30
          68       0.62      0.53      0.57        30
          69       0.35      0.77      0.48        30
          70       0.31      0.93      0.46        30
          71       0.25      0.17      0.20        29
          72       0.00      0.00      0.00        29
          73       0.44      0.27      0.33        30
          74       0.83      0.34      0.49        29
          75       1.00      0.07      0.13        29
          76       0.45      0.72      0.55        29
          77       0.36      0.27      0.31        30
          78       0.29      0.33      0.31        30
          79       0.86      0.70      0.78        27
          80       0.70      0.47      0.56        30
          81       0.91      0.67      0.77        30
          82       1.00      0.30      0.46        30
          83       0.60      0.30      0.40        30
          84       0.38      0.20      0.26        30
          85       0.62      0.60      0.61        30
          86       0.26      0.33      0.29        30
          87       0.11      0.03      0.05        30
          88       1.00      0.17      0.29        30
          89       0.78      0.47      0.58        30
          90       0.89      0.27      0.41        30
          91       0.79      0.37      0.50        30
          92       0.87      0.67      0.75        30
          93       0.76      0.53      0.63        30
          94       0.31      0.17      0.22        30
          95       0.16      0.67      0.26        30
          96       0.62      0.80      0.70        30
          97       0.57      0.53      0.55        30
          98       0.65      0.38      0.48        29
          99       0.33      0.43      0.38        30
         100       0.73      0.39      0.51        28
         101       0.50      0.21      0.29        29
         102       0.44      0.36      0.40        11
         103       0.20      0.10      0.14        29
         104       0.50      0.13      0.21        30
         105       0.17      0.24      0.20        29
         106       1.00      0.03      0.06        30
         107       0.23      0.20      0.21        30
         108       0.59      0.33      0.43        30
         109       0.60      0.21      0.31        29
         110       0.42      0.60      0.49        30
         111       0.36      0.39      0.38        23
         112       0.53      0.30      0.38        30
         113       0.10      0.03      0.05        30
         114       0.24      0.70      0.36        30
         115       0.56      0.33      0.42        30
         116       0.29      0.77      0.42        30
         117       0.33      0.03      0.06        30
         118       0.24      0.23      0.24        30
         119       0.47      0.87      0.61        30
         120       0.20      0.27      0.23        30
         121       0.67      0.07      0.12        30
         122       0.14      0.47      0.22        30
         123       0.25      0.13      0.17        30
         124       0.55      0.21      0.30        29
         125       0.31      0.73      0.44        30
         126       0.38      0.53      0.44        30
         127       0.85      0.39      0.54        28
         128       0.50      0.10      0.17        30
         129       0.50      0.74      0.60        23
         130       0.00      0.00      0.00        30
         131       0.29      0.07      0.11        29
         132       1.00      0.03      0.06        30
         133       0.47      0.80      0.59        30
         134       0.45      0.50      0.47        28
         135       0.83      0.50      0.62        30
         136       0.44      0.50      0.47        30
         137       0.21      0.40      0.27        30
         138       0.33      0.17      0.22        30
         139       0.46      0.70      0.55        30
         140       0.66      0.70      0.68        30
         141       0.78      0.47      0.58        30
         142       0.73      0.73      0.73        30
         143       0.00      0.00      0.00        30
         144       0.82      0.31      0.45        29
         145       0.25      0.50      0.33        30
         146       0.33      0.18      0.24        22
         147       0.61      0.77      0.68        30
         148       0.41      0.61      0.49        23
         149       0.85      0.57      0.68        30
         150       0.13      0.11      0.12        18
         151       0.29      0.07      0.11        30
         152       0.71      0.40      0.51        30
         153       0.86      0.20      0.32        30
         154       0.83      0.67      0.74        30
         155       0.18      0.70      0.28        30
         156       0.12      0.73      0.21        30
         157       0.24      0.20      0.22        30
         158       0.38      0.10      0.16        30
         159       0.25      0.50      0.33        30
         160       0.29      0.47      0.36        30
         161       0.75      0.20      0.32        30
         162       0.71      0.50      0.59        30
         163       0.85      0.37      0.51        30
         164       0.70      0.23      0.35        30
         165       0.18      0.10      0.13        30
         166       0.19      0.45      0.26        20
         167       0.00      0.00      0.00        30
         168       0.25      0.46      0.33        28
         169       0.33      0.27      0.30        15
         170       0.83      0.17      0.28        30
         171       0.36      0.38      0.37        26
         172       0.17      0.17      0.17        29
         173       0.00      0.00      0.00        30
         174       0.49      0.63      0.55        30
         175       0.57      0.67      0.62        30
         176       1.00      0.30      0.46        30
         177       0.27      0.40      0.32        30
         178       0.29      0.33      0.31        30
         179       0.86      0.60      0.71        30
         180       0.45      0.60      0.51        30
         181       1.00      0.47      0.64        30
         182       0.14      0.07      0.09        30
         183       0.16      0.95      0.27        19
         184       0.93      0.47      0.62        30
         185       0.62      0.60      0.61        30
         186       0.56      0.50      0.53        30
         187       1.00      0.03      0.06        30
         188       0.20      0.40      0.27        30
         189       0.54      0.35      0.42        20
         190       1.00      0.13      0.24        30
         191       0.30      0.23      0.26        30
         192       0.75      0.10      0.18        30
         193       0.82      0.31      0.45        29
         194       0.22      0.28      0.25        29
         195       0.00      0.00      0.00        29
         196       0.33      0.17      0.23        29
         197       1.00      0.54      0.70        26
         198       0.33      0.24      0.28        29
         199       0.33      0.53      0.41        30

    accuracy                           0.36      5794
   macro avg       0.47      0.37      0.35      5794
weighted avg       0.48      0.36      0.35      5794
