              precision    recall  f1-score   support

           0       0.33      0.76      0.46       113
           1       0.22      0.35      0.27        26
           2       0.61      0.30      0.40        37
           3       0.77      0.46      0.57        90
           4       0.47      0.55      0.51       113
           5       0.79      0.37      0.50        41
           6       0.97      0.25      0.40       119
           7       0.60      0.45      0.51        74
           8       0.83      0.70      0.76        43
           9       0.57      0.80      0.67        25
          10       0.89      0.27      0.41        94
          11       0.38      0.21      0.27        14
          12       0.92      0.49      0.64        45
          13       0.35      0.47      0.40        17
          14       1.00      0.71      0.83        31
          15       0.73      0.79      0.76        24
          16       0.43      0.23      0.30        13
          17       0.68      0.68      0.68        31
          18       1.00      0.11      0.19        19
          19       0.71      0.70      0.70        69
          20       0.32      0.14      0.19        50
          21       0.62      0.35      0.44        23
          22       0.42      0.45      0.43        56
          23       1.00      0.27      0.43        22
          24       0.11      0.88      0.20        17
          25       0.47      0.68      0.56        28
          26       0.57      0.63      0.60        19
          27       0.32      0.78      0.45        23
          28       1.00      0.62      0.76        21
          29       1.00      0.23      0.37        40
          30       0.86      0.64      0.73        56
          31       0.51      0.53      0.52        58
          32       0.33      0.33      0.33        24
          33       0.00      0.00      0.00        17
          34       0.92      0.23      0.37        94
          35       0.62      0.17      0.27        29
          36       0.50      0.04      0.07        27
          37       0.62      0.72      0.67       138
          38       0.17      0.67      0.27        30
          39       0.68      0.84      0.75        45
          40       0.58      0.29      0.39        24
          41       0.48      0.52      0.50       135
          42       0.25      0.68      0.37        25
          43       0.66      0.52      0.58        48
          44       0.50      0.14      0.22        35
          45       0.79      0.40      0.54        47
          46       0.71      0.63      0.67        38
          47       0.31      0.36      0.33        39
          48       0.90      0.51      0.65        35
          49       0.42      0.19      0.26        27
          50       0.43      0.10      0.16        31
          51       0.64      0.88      0.74        72
          52       0.85      0.24      0.38        45
          53       0.71      0.40      0.51        30
          54       0.32      0.63      0.42        92
          55       0.26      0.25      0.25        28
          56       0.17      0.38      0.23        21
          57       0.43      0.80      0.56        30
          58       0.62      0.24      0.34        21
          59       0.49      0.73      0.59       103
          60       0.70      0.39      0.50        71
          61       1.00      0.14      0.25        21
          62       0.29      0.70      0.41        37
          63       0.43      0.57      0.49        28
          64       0.31      0.38      0.34        32
          65       0.84      0.32      0.46        98
          66       0.63      0.75      0.68        56

    accuracy                           0.49      3124
   macro avg       0.58      0.46      0.46      3124
weighted avg       0.61      0.49      0.49      3124
