              precision    recall  f1-score   support

           0       0.47      0.79      0.59       113
           1       0.45      0.38      0.42        26
           2       0.56      0.24      0.34        37
           3       0.79      0.71      0.75        90
           4       0.60      0.69      0.64       113
           5       0.71      0.49      0.58        41
           6       0.82      0.56      0.67       119
           7       0.75      0.72      0.73        74
           8       0.94      0.72      0.82        43
           9       0.70      0.76      0.73        25
          10       0.91      0.77      0.83        94
          11       0.40      0.29      0.33        14
          12       0.69      0.78      0.73        45
          13       0.65      0.65      0.65        17
          14       0.90      0.87      0.89        31
          15       0.79      0.96      0.87        24
          16       0.71      0.38      0.50        13
          17       0.56      0.87      0.68        31
          18       0.83      0.26      0.40        19
          19       0.75      0.83      0.79        69
          20       0.39      0.36      0.38        50
          21       0.55      0.48      0.51        23
          22       0.52      0.59      0.55        56
          23       0.88      0.64      0.74        22
          24       0.43      0.71      0.53        17
          25       0.49      0.68      0.57        28
          26       0.59      0.68      0.63        19
          27       0.57      0.70      0.63        23
          28       0.83      0.71      0.77        21
          29       0.83      0.47      0.60        40
          30       0.86      0.75      0.80        56
          31       0.80      0.71      0.75        58
          32       0.43      0.50      0.46        24
          33       1.00      0.47      0.64        17
          34       0.82      0.86      0.84        94
          35       1.00      0.31      0.47        29
          36       0.87      0.48      0.62        27
          37       0.73      0.81      0.77       138
          38       0.33      0.60      0.43        30
          39       0.74      0.89      0.81        45
          40       0.56      0.42      0.48        24
          41       0.66      0.61      0.63       135
          42       0.30      0.64      0.41        25
          43       0.92      0.50      0.65        48
          44       0.81      0.37      0.51        35
          45       0.88      0.77      0.82        47
          46       0.55      0.84      0.67        38
          47       0.23      0.41      0.29        39
          48       0.84      0.77      0.81        35
          49       0.40      0.15      0.22        27
          50       0.52      0.52      0.52        31
          51       0.84      0.92      0.87        72
          52       0.88      0.47      0.61        45
          53       0.52      0.43      0.47        30
          54       0.54      0.70      0.61        92
          55       0.45      0.36      0.40        28
          56       0.60      0.29      0.39        21
          57       0.75      0.70      0.72        30
          58       0.88      0.33      0.48        21
          59       0.63      0.77      0.69       103
          60       0.74      0.49      0.59        71
          61       0.58      0.33      0.42        21
          62       0.53      0.76      0.62        37
          63       0.61      0.68      0.64        28
          64       0.29      0.69      0.41        32
          65       0.86      0.64      0.74        98
          66       0.82      0.80      0.81        56

    accuracy                           0.65      3124
   macro avg       0.67      0.60      0.61      3124
weighted avg       0.69      0.65      0.65      3124
